0
0
0
0
0
0
0.132979898
0.353214049
0.573889993
0.77203446
0.837861719
0.882261984
0.882041087
0.837861719
0.772255357
0.57411089
0.354097636
0.133863486
0
0
0
0
0
0
0
0
0
0
0
0
0.030721189
0.091363635
0.197511476
0.408619893
0.324106196
0.33588002
0.380337575
0.169791964
0.362898434
0.213578444
0.178536657
0.067072513
0
0
0
0
0
0
0
0
0
0
0
0
0.146277888
0.388535454
0.631278993
0.849237906
0.92164789
0.970488182
0.970245195
0.92164789
0.849480892
0.631521979
0.3895074
0.147249834
0
0
0
0
0
0
