0
0
0
0
0
0
0.085396901
0.243534308
0.392340704
0.45697711
0.481012705
0.515262603
0.533262279
0.595218837
0.547028888
0.324171108
0.239616558
0.076273604
0
0
0
0
0
0
0
0
0
0
0
0
0.063933888
0.185850622
0.315176967
0.325675313
0.306587574
0.303581739
0.363290081
0.448892184
0.389695359
0.176682307
0.1846017
0.046507962
0
0
0
0
0
0
0
0
0
0
0
0
0.106859914
0.301217994
0.469504442
0.588278907
0.655437837
0.726943466
0.703234477
0.74154549
0.704362416
0.471659908
0.294631415
0.106039246
0
0
0
0
0
0
