0
0
0
0
0
0
0.099546833
0.258707523
0.495263306
0.605575024
0.586427903
0.722821769
0.605961626
0.660333068
0.624532266
0.487809578
0.287682209
0.113171569
0
0
0
0
0
0
0
0
0
0
0
0
0.070410751
0.131434861
0.394467573
0.450941133
0.360322529
0.556243149
0.342944168
0.476544304
0.401547793
0.395049005
0.188060672
0.079248256
0
0
0
0
0
0
0
0
0
0
0
0
0.128682914
0.385980186
0.596059039
0.760208915
0.812533276
0.88940039
0.868979084
0.844121832
0.847516739
0.580570151
0.387303746
0.147094882
0
0
0
0
0
0
