0
0
0
0
0
0
0.07794592
0.25589711
0.416857725
0.554643502
0.56696837
0.611004316
0.688647147
0.556300348
0.47278518
0.374428942
0.249945456
0.087610569
0
0
0
0
0
0
0
0
0
0
0
0
0.027610951
0.155002856
0.259159162
0.318196801
0.231060281
0.325802742
0.420977567
0.253627521
0.201700776
0.209972675
0.158562302
0.037944669
0
0
0
0
0
0
0
0
0
0
0
0
0.128280889
0.356791364
0.574556288
0.791090202
0.902876459
0.89620589
0.956316727
0.858973175
0.743869585
0.538885208
0.34132861
0.137276468
0
0
0
0
0
0
