0
0
0
0
0
0
0.079197012
0.199251034
0.384121701
0.509009773
0.538406122
0.556810113
0.621489001
0.532313556
0.458984929
0.368757401
0.207447657
0.084341708
0
0
0
0
0
0
0
0
0
0
0
0
0.058536928
0.110822379
0.276365214
0.393959755
0.330541387
0.382584017
0.449781568
0.387961052
0.260006581
0.292546158
0.138386899
0.052985586
0
0
0
0
0
0
0
0
0
0
0
0
0.099857095
0.287679688
0.491878188
0.624059792
0.746270857
0.731036209
0.793196434
0.67666606
0.657963277
0.444968644
0.276508416
0.11569783
0
0
0
0
0
0
