0
0
0
0
0
0
0.086082414
0.266878935
0.381850037
0.559347791
0.584117111
0.662625911
0.611263876
0.552758152
0.535985842
0.401121912
0.24843509
0.087913367
0
0
0
0
0
0
0
0
0
0
0
0
0.04168886
0.161876175
0.198490073
0.316882624
0.310577871
0.35682355
0.325661208
0.231796947
0.24821389
0.202083071
0.121671234
0.04092839
0
0
0
0
0
0
0
0
0
0
0
0
0.130475968
0.371881694
0.565210001
0.801812957
0.857656351
0.968428273
0.896866543
0.873719357
0.823757795
0.600160753
0.375198946
0.134898345
0
0
0
0
0
0
