0
0
0
0
0
0
0.087950755
0.209899294
0.379373137
0.571717984
0.612601904
0.623125129
0.50192579
0.497251917
0.42793981
0.415490355
0.234877698
0.079316493
0
0
0
0
0
0
0
0
0
0
0
0
0.033673916
0.083131768
0.15457
0.376711646
0.359346541
0.294897604
0.180681111
0.217782217
0.1434016
0.271586779
0.101110955
0.024716895
0
0
0
0
0
0
0
0
0
0
0
0
0.142227595
0.336666821
0.604176274
0.766724323
0.865857267
0.951352654
0.823170469
0.776721618
0.71247802
0.559393931
0.368644441
0.133916091
0
0
0
0
0
0
