0
0
0
0
0
0
0.104346685
0.327740857
0.540408498
0.668154019
0.749098383
0.832843752
0.745061627
0.803350497
0.746920922
0.537093005
0.33922148
0.129572648
0
0
0
0
0
0
0
0
0
0
0
0
0.079137374
0.301070577
0.461174811
0.57457099
0.645937623
0.803058458
0.623964988
0.711999876
0.667020088
0.49694867
0.319434579
0.112042149
0
0
0
0
0
0
0
0
0
0
0
0
0.129555996
0.354411138
0.619642186
0.761737048
0.852259142
0.862629046
0.866158266
0.894701119
0.826821756
0.57723734
0.35900838
0.147103147
0
0
0
0
0
0
