0
0
0
0
0
0
0.113158234
0.337821034
0.544553699
0.605477215
0.720192723
0.700169274
0.820921188
0.756739668
0.620049541
0.447997536
0.286696814
0.116249379
0
0
0
0
0
0
0
0
0
0
0
0
0.100594929
0.311166067
0.479126192
0.448894656
0.628101142
0.602210943
0.755004362
0.731657476
0.578501343
0.313898254
0.20743638
0.105505807
0
0
0
0
0
0
0
0
0
0
0
0
0.12572154
0.364476001
0.609981207
0.762059774
0.812284305
0.798127604
0.886838015
0.781821859
0.661597739
0.582096818
0.365957247
0.126992951
0
0
0
0
0
0
