0
0
0
0
0
0
0.102721704
0.324214922
0.463331548
0.666485383
0.674200354
0.74778674
0.633297008
0.66613376
0.663195388
0.534067784
0.334640443
0.112767605
0
0
0
0
0
0
0
0
0
0
0
0
0.087913982
0.303359064
0.428566994
0.564650396
0.489414123
0.679395883
0.470499892
0.518011096
0.591145283
0.477778051
0.29245562
0.101638089
0
0
0
0
0
0
0
0
0
0
0
0
0.117529427
0.345070781
0.498096102
0.76832037
0.858986586
0.816177597
0.796094124
0.814256424
0.735245492
0.590357516
0.376825267
0.123897121
0
0
0
0
0
0
