0.380732228
0.406758416
0.474342244
0.486267256
0.45432229
0.413331184
0.428864254
0.458136914
0.497049481
0.524167772
0.510714758
0.514729143
0.517445535
0.315988514
0.326397712
0.378755138
0.347585476
0.313336823
0.376731429
0.459523158
0.520881606
0.450974134
0.440926062
0.519269529
0.283951512
0.224085197
0.271922844
0.348842882
0.298424512
0.266602622
0.238842585
0.238143876
0.374225074
0.387463117
0.32892333
0.331196755
0.308413956
0.205925689
0.167442398
0.282198826
0.200318873
0.179347603
0.208669389
0.326733612
0.377018269
0.283994137
0.233383621
0.300020076
0.482919854
0.589431636
0.676761644
0.623691631
0.610220068
0.560059745
0.618885924
0.678129951
0.619873889
0.660872427
0.692506185
0.698261532
0.726477114
0.426051339
0.485353025
0.47531145
0.494852079
0.447326042
0.544793469
0.592312705
0.664744943
0.617954131
0.648468503
0.738518981
