0
0
0
0
0
0
0.102888366
0.24924492
0.456586778
0.636489069
0.612291636
0.721069762
0.666107123
0.587880286
0.534177656
0.4059782
0.289862263
0.102546881
0
0
0
0
0
0
0
0
0
0
0
0
0.068575231
0.189993581
0.34565029
0.488559724
0.403268855
0.555754911
0.466264699
0.311997639
0.365040734
0.3015683
0.236466802
0.080525848
0
0
0
0
0
0
0
0
0
0
0
0
0.137201502
0.308496259
0.567523265
0.784418414
0.821314418
0.886384612
0.865949548
0.863762932
0.703314578
0.5103881
0.343257723
0.124567914
0
0
0
0
0
0
