0
0
0
0
0
0
0.05556775
0.137188035
0.256740883
0.320134726
0.280466273
0.326168851
0.363001836
0.372647004
0.324210233
0.207542327
0.138828177
0.044889313
0
0
0
0
0
0
0
0
0
0
0
0
0.044856838
0.111734498
0.196240443
0.256108805
0.189549143
0.22211395
0.26532811
0.301700374
0.281461773
0.182624369
0.110720573
0.026913691
0
0
0
0
0
0
0
0
0
0
0
0
0.066278662
0.162641572
0.317241324
0.384160648
0.371383404
0.430223752
0.460675563
0.443593634
0.366958693
0.232460285
0.166935781
0.062864935
0
0
0
0
0
0
