0
0
0
0
0
0
0.042474155
0.128158257
0.222408373
0.306538843
0.341812797
0.334737655
0.356609063
0.364958028
0.271200498
0.228113373
0.152443615
0.04946809
0
0
0
0
0
0
0
0
0
0
0
0
0.031422943
0.085846044
0.18154719
0.257567129
0.27869089
0.273626537
0.297184649
0.302689213
0.218071588
0.141219571
0.112190316
0.030845354
0
0
0
0
0
0
0
0
0
0
0
0
0.053525366
0.17047047
0.263269557
0.355510557
0.404934704
0.395848773
0.416033477
0.427226843
0.324329409
0.315007175
0.192696913
0.068090825
0
0
0
0
0
0
