0
0
0
0
0
0
0.077381933
0.202403055
0.297715649
0.352032807
0.447018809
0.477153836
0.528624592
0.449024992
0.426136859
0.351073784
0.169820854
0.077137751
0
0
0
0
0
0
0
0
0
0
0
0
0.055606962
0.155108015
0.201671786
0.193598824
0.26224901
0.34815631
0.392123084
0.303882165
0.326607236
0.273520267
0.094684498
0.060919254
0
0
0
0
0
0
0
0
0
0
0
0
0.099156905
0.249698094
0.393759513
0.510466791
0.631788607
0.606151362
0.665126101
0.594167819
0.525666483
0.428627302
0.244957209
0.093356247
0
0
0
0
0
0
