0
0
0
0
0
0
0.084030796
0.230382666
0.365714284
0.575845002
0.62538308
0.677376542
0.604925921
0.500040389
0.513638543
0.37771655
0.212329268
0.09182074
0
0
0
0
0
0
0
0
0
0
0
0
0.02538968
0.122690595
0.179805063
0.363266488
0.444766301
0.471830884
0.285394641
0.224152681
0.24945982
0.128440685
0.079267246
0.051528199
0
0
0
0
0
0
0
0
0
0
0
0
0.142671912
0.338074736
0.551623506
0.788423515
0.805999859
0.882922201
0.924457201
0.775928097
0.777817267
0.626992414
0.345391289
0.132113282
0
0
0
0
0
0
