0
0
0
0
0
0
0.090566695
0.274833355
0.35917859
0.495332563
0.631425828
0.621187134
0.613378004
0.550393539
0.583636684
0.309612892
0.272478081
0.085240256
0
0
0
0
0
0
0
0
0
0
0
0
0.047954234
0.20875164
0.220897109
0.268317341
0.480331325
0.385897502
0.455638247
0.422455785
0.412248397
0.177127558
0.231317755
0.047016148
0
0
0
0
0
0
0
0
0
0
0
0
0.133179156
0.34091507
0.497460071
0.722347786
0.78252033
0.856476766
0.771117761
0.678331292
0.755024971
0.442098226
0.313638407
0.123464364
0
0
0
0
0
0
