0
0
0
0
0
0
0.100949253
0.315997541
0.474579416
0.657945325
0.68574479
0.604655655
0.71258068
0.656914195
0.553506591
0.490404576
0.251662218
0.103382833
0
0
0
0
0
0
0
0
0
0
0
0
0.062924139
0.254126735
0.344206266
0.468073675
0.519497534
0.3607162
0.544318223
0.469687673
0.340337779
0.394141806
0.156825764
0.071826637
0
0
0
0
0
0
0
0
0
0
0
0
0.138974367
0.377868346
0.604952566
0.847816975
0.851992045
0.84859511
0.880843138
0.844140716
0.766675403
0.586667346
0.346498672
0.134939029
0
0
0
0
0
0
