0
0
0
0
0
0
0.082251993
0.250133724
0.35864679
0.438868922
0.516806996
0.606021282
0.599211106
0.544092743
0.527319308
0.359427878
0.238597708
0.083950955
0
0
0
0
0
0
0
0
0
0
0
0
0.038222901
0.118440853
0.211616302
0.220035574
0.249898524
0.322750516
0.323366495
0.286838358
0.27797844
0.200084278
0.124252954
0.044558246
0
0
0
0
0
0
0
0
0
0
0
0
0.126281086
0.381826594
0.505677278
0.65770227
0.783715468
0.889292049
0.875055717
0.801347128
0.776660176
0.518771479
0.352942461
0.123343663
0
0
0
0
0
0
