0
0
0
0
0
0
0.052739771
0.118345538
0.200893397
0.327994767
0.274102151
0.329957878
0.32054245
0.311954357
0.274655522
0.18923071
0.129130327
0.043871934
0
0
0
0
0
0
0
0
0
0
0
0
0.038731294
0.077173338
0.154240049
0.276635216
0.194646625
0.233233161
0.235692861
0.240890568
0.173538808
0.125992103
0.103795621
0.029346032
0
0
0
0
0
0
0
0
0
0
0
0
0.066748249
0.159517738
0.247546745
0.379354319
0.353557677
0.426682594
0.405392039
0.383018146
0.375772236
0.252469317
0.154465033
0.058397837
0
0
0
0
0
0
