0
0
0
0
0
0
0.093277675
0.241062725
0.406298464
0.529961683
0.592538007
0.557459471
0.598781346
0.595059124
0.491538686
0.41678716
0.220887992
0.098625069
0
0
0
0
0
0
0
0
0
0
0
0
0.043813617
0.117660851
0.215079132
0.34572975
0.331207782
0.174144772
0.277745027
0.387006644
0.23887202
0.238173369
0.089296128
0.055414759
0
0
0
0
0
0
0
0
0
0
0
0
0.142741734
0.364464599
0.597517796
0.714193616
0.853868231
0.940774171
0.919817665
0.803111604
0.744205351
0.595400952
0.352479856
0.141835378
0
0
0
0
0
0
