0
0
0
0
0
0
0.065207345
0.181216968
0.288483488
0.418392595
0.518229689
0.509367111
0.580570913
0.46661985
0.413103532
0.311365411
0.191208689
0.065052449
0
0
0
0
0
0
0
0
0
0
0
0
0.041764579
0.10591461
0.206315396
0.253742809
0.364894322
0.382648003
0.431416235
0.273446619
0.289818131
0.196153759
0.109814541
0.04621832
0
0
0
0
0
0
0
0
0
0
0
0
0.08865011
0.256519326
0.37065158
0.58304238
0.671565056
0.63608622
0.729725591
0.659793082
0.536388932
0.426577062
0.272602837
0.083886579
0
0
0
0
0
0
