0
0
0
0
0
0
0.094727233
0.245447121
0.427731166
0.515706622
0.587189519
0.573123834
0.619443934
0.586437269
0.531074655
0.413534513
0.229293343
0.089016175
0
0
0
0
0
0
0
0
0
0
0
0
0.053438048
0.145515573
0.249218064
0.274512488
0.285126215
0.268097179
0.320898559
0.308234613
0.296655754
0.239133751
0.110799427
0.041974548
0
0
0
0
0
0
0
0
0
0
0
0
0.136016418
0.345378669
0.606244267
0.756900757
0.889252823
0.87815049
0.91798931
0.864639925
0.765493556
0.587935275
0.347787259
0.136057802
0
0
0
0
0
0
