0
0
0
0
0
0
0.096696109
0.257214156
0.421654112
0.515878145
0.578816219
0.61921475
0.665316644
0.65021067
0.528286743
0.378521767
0.250775421
0.087238419
0
0
0
0
0
0
0
0
0
0
0
0
0.050732599
0.147323618
0.25938056
0.232118895
0.326223341
0.297723862
0.390645604
0.378994308
0.239333284
0.193355276
0.131300553
0.043495447
0
0
0
0
0
0
0
0
0
0
0
0
0.14265962
0.367104693
0.583927663
0.799637394
0.831409098
0.940705638
0.939987683
0.921427032
0.817240202
0.563688259
0.370250288
0.130981391
0
0
0
0
0
0
