0.691225245
0.414056967
0.476091694
0.526446598
0.441226356
0.474464105
0.445550482
0.421585603
0.475253551
0.576896466
0.494331734
0.536518692
0.633654027
0.336525468
0.341682659
0.374460552
0.366086197
0.3590915
0.400445336
0.368258254
0.475447777
0.542314323
0.505545943
0.478702393
0.39169561
0.297839438
0.337171142
0.390879445
0.291337162
0.352381074
0.246197104
0.231838334
0.367005018
0.433797729
0.361753708
0.356575937
0.512422187
0.2486718
0.23061261
0.272704388
0.248276284
0.266972072
0.306900313
0.192839311
0.326896118
0.40291036
0.324764667
0.266156524
0.998342509
0.530274496
0.615012245
0.66201375
0.59111555
0.596547136
0.644903861
0.611332873
0.583502083
0.719995202
0.62690976
0.716461447
0.754885868
0.424379137
0.452752707
0.476216715
0.483896109
0.451210927
0.493990359
0.543677197
0.623999436
0.681718287
0.68632722
0.691248262
