0
0
0
0
0
0
0.086579026
0.240069192
0.398642534
0.510696276
0.518059646
0.580967822
0.631701831
0.519619355
0.464116271
0.379956596
0.212673782
0.087133131
0
0
0
0
0
0
0
0
0
0
0
0
0.036114984
0.128297474
0.243969871
0.237762895
0.277836632
0.287763612
0.4
0.215561107
0.251653439
0.218583721
0.094741375
0.038556546
0
0
0
0
0
0
0
0
0
0
0
0
0.137043069
0.351840909
0.553315197
0.783629658
0.75828266
0.874172032
0.863403662
0.823677603
0.676579102
0.541329471
0.330606188
0.135709717
0
0
0
0
0
0
