0
0
0
0
0
0
0.112839169
0.290737071
0.482932955
0.585115794
0.712081926
0.662588257
0.667458759
0.707109827
0.653806571
0.502999819
0.322478928
0.102837532
0
0
0
0
0
0
0
0
0
0
0
0
0.096666473
0.258327703
0.437255297
0.409729927
0.576144026
0.474554584
0.533404571
0.626608029
0.56873929
0.423418608
0.304307538
0.081761019
0
0
0
0
0
0
0
0
0
0
0
0
0.129011865
0.323146439
0.528610614
0.760501661
0.848019825
0.850621929
0.801512947
0.787611624
0.738873851
0.582581029
0.340650318
0.123914044
0
0
0
0
0
0
