0
0
0
0
0
0
0.048617423
0.135454018
0.197011724
0.279644342
0.349466323
0.33940412
0.371518327
0.312141923
0.292084675
0.230806063
0.147512539
0.048351441
0
0
0
0
0
0
0
0
0
0
0
0
0.039353612
0.101246359
0.162175548
0.200078197
0.249806072
0.265729908
0.278725405
0.221777012
0.256952435
0.171359435
0.11701548
0.031814504
0
0
0
0
0
0
0
0
0
0
0
0
0.057881234
0.169661676
0.2318479
0.359210486
0.449126574
0.413078332
0.464311249
0.402506833
0.327216916
0.29025269
0.178009599
0.064888379
0
0
0
0
0
0
