0.619576383
0.568847434
0.658007078
0.59918713
0.516138626
0.529092503
0.449656075
0.248945167
0.204539907
0.190474313
0.320005661
0.25902243
0.271706209
0.261145582
0.237226594
0.723150851
0.311056623
0.506003855
0.582125353
0.51023303
0.513171936
0.500174864
0.460406056
0.487185863
0.350869003
0.387604936
0.345153134
0.369626251
0.331378662
0.427015054
0.258036201
0.126316195
0.151607255
0.137528833
0.232120083
0.148703672
0.205814997
0.192213606
0.175517988
0.52673461
0.193139324
0.394449027
0.419686821
0.360058337
0.357088625
0.337902781
0.290787719
0.306432569
0.837731607
0.750089931
0.970861022
0.828748009
0.70089859
0.631169952
0.641275949
0.371574138
0.25747256
0.243419792
0.407891239
0.369341189
0.337597422
0.330077559
0.298935199
0.919567092
0.428973921
0.617558683
0.744563886
0.660407723
0.669255247
0.662446946
0.630024393
0.667939157
