0
0
0
0
0
0
0.106369706
0.298881466
0.380106205
0.590286529
0.724331158
0.738907282
0.783817547
0.712861619
0.568653731
0.478731304
0.253980025
0.110102457
0
0
0
0
0
0
0
0
0
0
0
0
0.068643763
0.22204224
0.21315093
0.378754234
0.54521255
0.527076584
0.605991294
0.569331549
0.364218007
0.330783569
0.173506294
0.073678777
0
0
0
0
0
0
0
0
0
0
0
0
0.144095649
0.375720692
0.547061479
0.801818825
0.903449765
0.95073798
0.9616438
0.85639169
0.773089455
0.626679039
0.334453756
0.146526137
0
0
0
0
0
0
