0
0
0
0
0
0
0.105598604
0.279935569
0.466004864
0.53631236
0.593271175
0.615781596
0.762409542
0.684955459
0.526937186
0.505547652
0.260079043
0.104478731
0
0
0
0
0
0
0
0
0
0
0
0
0.065927862
0.182405706
0.318657991
0.30974274
0.37667687
0.322058707
0.563045942
0.532766659
0.270092909
0.380022694
0.133693777
0.06194275
0
0
0
0
0
0
0
0
0
0
0
0
0.145269347
0.377465431
0.613351736
0.762881981
0.80986548
0.909504486
0.961773142
0.837144259
0.783781464
0.63107261
0.386464309
0.147014711
0
0
0
0
0
0
